0	[Darius	0.013157894736842105	0.013157894736842105	0.013157894736842105	0.013157894736842105	0.09210526315789473	0.039473684210526314	0.5131578947368421	0.2236842105263158	0.013157894736842105	0.06578947368421052
1	[UNT	0.017857142857142856	0.017857142857142856	0.017857142857142856	0.017857142857142856	0.08928571428571429	0.017857142857142856	0.26785714285714285	0.3392857142857143	0.017857142857142856	0.19642857142857142
2	[Aerial	0.01282051282051282	0.01282051282051282	0.038461538461538464	0.01282051282051282	0.01282051282051282	0.038461538461538464	0.34615384615384615	0.47435897435897434	0.01282051282051282	0.038461538461538464
3	[Mean	0.013888888888888888	0.013888888888888888	0.041666666666666664	0.013888888888888888	0.013888888888888888	0.125	0.4861111111111111	0.2638888888888889	0.013888888888888888	0.013888888888888888
4	[LA	0.019230769230769232	0.1346153846153846	0.019230769230769232	0.019230769230769232	0.019230769230769232	0.019230769230769232	0.5576923076923077	0.17307692307692307	0.019230769230769232	0.019230769230769232
5	[LA	0.015151515151515152	0.10606060606060606	0.015151515151515152	0.015151515151515152	0.015151515151515152	0.19696969696969696	0.5303030303030303	0.07575757575757576	0.015151515151515152	0.015151515151515152
6	[North	0.013157894736842105	0.039473684210526314	0.039473684210526314	0.013157894736842105	0.09210526315789473	0.013157894736842105	0.4342105263157895	0.32894736842105265	0.013157894736842105	0.013157894736842105
7	[Football	0.013888888888888888	0.013888888888888888	0.041666666666666664	0.013888888888888888	0.041666666666666664	0.20833333333333334	0.5694444444444444	0.06944444444444445	0.013888888888888888	0.013888888888888888
8	[Mean	0.013888888888888888	0.125	0.06944444444444445	0.013888888888888888	0.013888888888888888	0.041666666666666664	0.4583333333333333	0.20833333333333334	0.013888888888888888	0.041666666666666664
9	[News	0.019230769230769232	0.019230769230769232	0.6346153846153846	0.09615384615384616	0.019230769230769232	0.019230769230769232	0.019230769230769232	0.019230769230769232	0.1346153846153846	0.019230769230769232
10	[News	0.02	0.02	0.7	0.06	0.02	0.1	0.02	0.02	0.02	0.02
11	[News	0.021739130434782608	0.021739130434782608	0.3695652173913043	0.2826086956521739	0.06521739130434782	0.021739130434782608	0.021739130434782608	0.021739130434782608	0.15217391304347827	0.021739130434782608
12	[News	0.022727272727272728	0.022727272727272728	0.6136363636363636	0.022727272727272728	0.022727272727272728	0.022727272727272728	0.06818181818181818	0.022727272727272728	0.1590909090909091	0.022727272727272728
13	[Women's	0.04054054054054054	0.06756756756756757	0.04054054054054054	0.04054054054054054	0.12162162162162163	0.013513513513513514	0.44594594594594594	0.20270270270270271	0.013513513513513514	0.013513513513513514
14	[Two	0.039473684210526314	0.039473684210526314	0.013157894736842105	0.013157894736842105	0.013157894736842105	0.013157894736842105	0.4342105263157895	0.40789473684210525	0.013157894736842105	0.013157894736842105
15	[Louisianna	0.015151515151515152	0.015151515151515152	0.015151515151515152	0.015151515151515152	0.045454545454545456	0.015151515151515152	0.3787878787878788	0.2878787878787879	0.16666666666666666	0.045454545454545456
16	[Mean	0.01282051282051282	0.11538461538461539	0.01282051282051282	0.01282051282051282	0.01282051282051282	0.038461538461538464	0.6794871794871795	0.01282051282051282	0.01282051282051282	0.08974358974358974
17	[Child	0.019230769230769232	0.019230769230769232	0.057692307692307696	0.019230769230769232	0.057692307692307696	0.09615384615384616	0.28846153846153844	0.3269230769230769	0.019230769230769232	0.09615384615384616
18	[LA	0.013157894736842105	0.17105263157894737	0.013157894736842105	0.013157894736842105	0.013157894736842105	0.013157894736842105	0.5131578947368421	0.17105263157894737	0.039473684210526314	0.039473684210526314
19	[Tyler	0.011627906976744186	0.011627906976744186	0.011627906976744186	0.011627906976744186	0.011627906976744186	0.10465116279069768	0.43023255813953487	0.36046511627906974	0.011627906976744186	0.03488372093023256
20	[Player's	0.013513513513513514	0.013513513513513514	0.04054054054054054	0.013513513513513514	0.06756756756756757	0.013513513513513514	0.527027027027027	0.22972972972972974	0.04054054054054054	0.04054054054054054
21	[Mean	0.016666666666666666	0.11666666666666667	0.016666666666666666	0.016666666666666666	0.05	0.016666666666666666	0.6833333333333333	0.05	0.016666666666666666	0.016666666666666666
22	[Mean	0.016666666666666666	0.016666666666666666	0.016666666666666666	0.016666666666666666	0.25	0.016666666666666666	0.2833333333333333	0.35	0.016666666666666666	0.016666666666666666
23	[North	0.01282051282051282	0.0641025641025641	0.01282051282051282	0.01282051282051282	0.0641025641025641	0.24358974358974358	0.5256410256410257	0.038461538461538464	0.01282051282051282	0.01282051282051282
24	[North	0.04054054054054054	0.013513513513513514	0.013513513513513514	0.013513513513513514	0.06756756756756757	0.0945945945945946	0.25675675675675674	0.44594594594594594	0.04054054054054054	0.013513513513513514
25	[North	0.01282051282051282	0.14102564102564102	0.038461538461538464	0.01282051282051282	0.0641025641025641	0.0641025641025641	0.14102564102564102	0.47435897435897434	0.038461538461538464	0.01282051282051282
26	[Mean	0.011363636363636364	0.011363636363636364	0.011363636363636364	0.011363636363636364	0.03409090909090909	0.10227272727272728	0.375	0.42045454545454547	0.011363636363636364	0.011363636363636364
27	[Women's	0.010638297872340425	0.010638297872340425	0.07446808510638298	0.031914893617021274	0.18085106382978725	0.07446808510638298	0.2872340425531915	0.22340425531914893	0.05319148936170213	0.05319148936170213
28	[Man	0.041666666666666664	0.041666666666666664	0.013888888888888888	0.013888888888888888	0.375	0.013888888888888888	0.3194444444444444	0.1527777777777778	0.013888888888888888	0.013888888888888888
29	[UNT	0.014285714285714285	0.04285714285714286	0.014285714285714285	0.014285714285714285	0.014285714285714285	0.014285714285714285	0.5285714285714286	0.07142857142857142	0.014285714285714285	0.2714285714285714
30	[Mean	0.08333333333333333	0.15	0.016666666666666666	0.05	0.016666666666666666	0.016666666666666666	0.5166666666666667	0.11666666666666667	0.016666666666666666	0.016666666666666666
31	[Darius	0.01282051282051282	0.038461538461538464	0.01282051282051282	0.01282051282051282	0.01282051282051282	0.01282051282051282	0.5256410256410257	0.34615384615384615	0.01282051282051282	0.01282051282051282
32	[Game	0.018518518518518517	0.09259259259259259	0.018518518518518517	0.018518518518518517	0.2037037037037037	0.05555555555555555	0.2777777777777778	0.16666666666666666	0.018518518518518517	0.12962962962962962
33	[Three	0.041666666666666664	0.18055555555555555	0.013888888888888888	0.013888888888888888	0.013888888888888888	0.013888888888888888	0.2916666666666667	0.4027777777777778	0.013888888888888888	0.013888888888888888
34	[Spiriki	0.014705882352941176	0.014705882352941176	0.014705882352941176	0.07352941176470588	0.014705882352941176	0.04411764705882353	0.6617647058823529	0.10294117647058823	0.04411764705882353	0.014705882352941176
35	[Students	0.04411764705882353	0.014705882352941176	0.014705882352941176	0.014705882352941176	0.1323529411764706	0.014705882352941176	0.4264705882352941	0.19117647058823528	0.014705882352941176	0.1323529411764706
36	[North	0.018518518518518517	0.2037037037037037	0.018518518518518517	0.05555555555555555	0.018518518518518517	0.018518518518518517	0.3888888888888889	0.2037037037037037	0.018518518518518517	0.05555555555555555
37	[Aerial	0.015151515151515152	0.045454545454545456	0.015151515151515152	0.015151515151515152	0.045454545454545456	0.07575757575757576	0.4696969696969697	0.25757575757575757	0.045454545454545456	0.015151515151515152
38	[North	0.011363636363636364	0.03409090909090909	0.03409090909090909	0.011363636363636364	0.03409090909090909	0.011363636363636364	0.6704545454545454	0.14772727272727273	0.011363636363636364	0.03409090909090909
39	[News	0.017857142857142856	0.017857142857142856	0.017857142857142856	0.8035714285714286	0.017857142857142856	0.05357142857142857	0.017857142857142856	0.017857142857142856	0.017857142857142856	0.017857142857142856
40	[News	0.057692307692307696	0.019230769230769232	0.019230769230769232	0.7884615384615384	0.019230769230769232	0.019230769230769232	0.019230769230769232	0.019230769230769232	0.019230769230769232	0.019230769230769232
41	[News	0.018518518518518517	0.018518518518518517	0.018518518518518517	0.7962962962962963	0.018518518518518517	0.018518518518518517	0.018518518518518517	0.018518518518518517	0.05555555555555555	0.018518518518518517
42	[News	0.1206896551724138	0.017241379310344827	0.017241379310344827	0.6724137931034483	0.017241379310344827	0.017241379310344827	0.017241379310344827	0.017241379310344827	0.08620689655172414	0.017241379310344827
43	[News	0.041666666666666664	0.013888888888888888	0.013888888888888888	0.7361111111111112	0.013888888888888888	0.013888888888888888	0.013888888888888888	0.125	0.013888888888888888	0.013888888888888888
44	[News	0.018518518518518517	0.018518518518518517	0.018518518518518517	0.7592592592592593	0.018518518518518517	0.018518518518518517	0.05555555555555555	0.018518518518518517	0.05555555555555555	0.018518518518518517
45	[News	0.018518518518518517	0.018518518518518517	0.018518518518518517	0.7962962962962963	0.018518518518518517	0.018518518518518517	0.018518518518518517	0.018518518518518517	0.05555555555555555	0.018518518518518517
46	[News	0.021739130434782608	0.021739130434782608	0.06521739130434782	0.6304347826086957	0.021739130434782608	0.021739130434782608	0.10869565217391304	0.021739130434782608	0.06521739130434782	0.021739130434782608
47	[News	0.019230769230769232	0.019230769230769232	0.057692307692307696	0.7884615384615384	0.019230769230769232	0.019230769230769232	0.019230769230769232	0.019230769230769232	0.019230769230769232	0.019230769230769232
48	[News	0.04838709677419355	0.016129032258064516	0.016129032258064516	0.7903225806451613	0.016129032258064516	0.016129032258064516	0.016129032258064516	0.04838709677419355	0.016129032258064516	0.016129032258064516
49	[News	0.017857142857142856	0.017857142857142856	0.017857142857142856	0.7678571428571429	0.017857142857142856	0.017857142857142856	0.017857142857142856	0.017857142857142856	0.08928571428571429	0.017857142857142856
50	[News	0.016129032258064516	0.016129032258064516	0.016129032258064516	0.8225806451612904	0.016129032258064516	0.016129032258064516	0.016129032258064516	0.016129032258064516	0.04838709677419355	0.016129032258064516
51	[News	0.014285714285714285	0.014285714285714285	0.04285714285714286	0.7857142857142857	0.014285714285714285	0.014285714285714285	0.014285714285714285	0.04285714285714286	0.04285714285714286	0.014285714285714285
52	[News	0.017241379310344827	0.017241379310344827	0.017241379310344827	0.8448275862068966	0.017241379310344827	0.017241379310344827	0.017241379310344827	0.017241379310344827	0.017241379310344827	0.017241379310344827
53	[News	0.045454545454545456	0.015151515151515152	0.07575757575757576	0.7727272727272727	0.015151515151515152	0.015151515151515152	0.015151515151515152	0.015151515151515152	0.015151515151515152	0.015151515151515152
54	[News	0.018518518518518517	0.018518518518518517	0.018518518518518517	0.8333333333333334	0.018518518518518517	0.018518518518518517	0.018518518518518517	0.018518518518518517	0.018518518518518517	0.018518518518518517
55	[News	0.013157894736842105	0.013157894736842105	0.039473684210526314	0.6710526315789473	0.013157894736842105	0.06578947368421052	0.11842105263157894	0.013157894736842105	0.039473684210526314	0.013157894736842105
56	[News	0.016129032258064516	0.016129032258064516	0.016129032258064516	0.8548387096774194	0.016129032258064516	0.016129032258064516	0.016129032258064516	0.016129032258064516	0.016129032258064516	0.016129032258064516
57	[News	0.16176470588235295	0.014705882352941176	0.014705882352941176	0.4852941176470588	0.014705882352941176	0.04411764705882353	0.014705882352941176	0.014705882352941176	0.19117647058823528	0.04411764705882353
58	[News	0.016666666666666666	0.016666666666666666	0.05	0.7166666666666667	0.016666666666666666	0.016666666666666666	0.05	0.08333333333333333	0.016666666666666666	0.016666666666666666
59	[News	0.02	0.02	0.02	0.62	0.02	0.02	0.06	0.02	0.18	0.02
60	[News	0.015151515151515152	0.045454545454545456	0.015151515151515152	0.7121212121212122	0.015151515151515152	0.015151515151515152	0.015151515151515152	0.10606060606060606	0.045454545454545456	0.015151515151515152
61	[News	0.017857142857142856	0.017857142857142856	0.017857142857142856	0.8392857142857143	0.017857142857142856	0.017857142857142856	0.017857142857142856	0.017857142857142856	0.017857142857142856	0.017857142857142856
62	[News	0.016666666666666666	0.016666666666666666	0.05	0.8166666666666667	0.016666666666666666	0.016666666666666666	0.016666666666666666	0.016666666666666666	0.016666666666666666	0.016666666666666666
63	[News	0.045454545454545456	0.015151515151515152	0.015151515151515152	0.8333333333333334	0.015151515151515152	0.015151515151515152	0.015151515151515152	0.015151515151515152	0.015151515151515152	0.015151515151515152
64	[News	0.013513513513513514	0.04054054054054054	0.013513513513513514	0.7972972972972973	0.013513513513513514	0.013513513513513514	0.013513513513513514	0.013513513513513514	0.06756756756756757	0.013513513513513514
65	[News	0.019230769230769232	0.019230769230769232	0.057692307692307696	0.75	0.019230769230769232	0.019230769230769232	0.019230769230769232	0.057692307692307696	0.019230769230769232	0.019230769230769232
66	[News	0.019230769230769232	0.019230769230769232	0.019230769230769232	0.7884615384615384	0.019230769230769232	0.019230769230769232	0.019230769230769232	0.057692307692307696	0.019230769230769232	0.019230769230769232
67	[News	0.017857142857142856	0.017857142857142856	0.05357142857142857	0.7678571428571429	0.017857142857142856	0.017857142857142856	0.017857142857142856	0.017857142857142856	0.05357142857142857	0.017857142857142856
68	[News	0.04411764705882353	0.014705882352941176	0.04411764705882353	0.8088235294117647	0.014705882352941176	0.014705882352941176	0.014705882352941176	0.014705882352941176	0.014705882352941176	0.014705882352941176
69	[News	0.019230769230769232	0.019230769230769232	0.057692307692307696	0.75	0.019230769230769232	0.019230769230769232	0.057692307692307696	0.019230769230769232	0.019230769230769232	0.019230769230769232
70	[News	0.017857142857142856	0.017857142857142856	0.017857142857142856	0.8392857142857143	0.017857142857142856	0.017857142857142856	0.017857142857142856	0.017857142857142856	0.017857142857142856	0.017857142857142856
71	[News	0.016666666666666666	0.016666666666666666	0.016666666666666666	0.6833333333333333	0.05	0.016666666666666666	0.016666666666666666	0.016666666666666666	0.15	0.016666666666666666
72	[News	0.017857142857142856	0.017857142857142856	0.05357142857142857	0.6607142857142857	0.017857142857142856	0.05357142857142857	0.017857142857142856	0.017857142857142856	0.125	0.017857142857142856
73	[News	0.04411764705882353	0.014705882352941176	0.014705882352941176	0.6029411764705882	0.04411764705882353	0.014705882352941176	0.014705882352941176	0.10294117647058823	0.1323529411764706	0.014705882352941176
74	[News	0.017241379310344827	0.017241379310344827	0.05172413793103448	0.7758620689655172	0.017241379310344827	0.017241379310344827	0.017241379310344827	0.017241379310344827	0.05172413793103448	0.017241379310344827
75	[News	0.019230769230769232	0.019230769230769232	0.019230769230769232	0.8269230769230769	0.019230769230769232	0.019230769230769232	0.019230769230769232	0.019230769230769232	0.019230769230769232	0.019230769230769232
76	[News	0.014705882352941176	0.04411764705882353	0.014705882352941176	0.8382352941176471	0.014705882352941176	0.014705882352941176	0.014705882352941176	0.014705882352941176	0.014705882352941176	0.014705882352941176
77	[News	0.014705882352941176	0.014705882352941176	0.07352941176470588	0.7205882352941176	0.014705882352941176	0.014705882352941176	0.014705882352941176	0.07352941176470588	0.04411764705882353	0.014705882352941176
78	[News	0.015625	0.015625	0.078125	0.765625	0.015625	0.015625	0.046875	0.015625	0.015625	0.015625
79	[News	0.017857142857142856	0.017857142857142856	0.017857142857142856	0.8392857142857143	0.017857142857142856	0.017857142857142856	0.017857142857142856	0.017857142857142856	0.017857142857142856	0.017857142857142856
80	[News	0.019230769230769232	0.019230769230769232	0.09615384615384616	0.75	0.019230769230769232	0.019230769230769232	0.019230769230769232	0.019230769230769232	0.019230769230769232	0.019230769230769232
81	[News	0.019230769230769232	0.019230769230769232	0.019230769230769232	0.7884615384615384	0.019230769230769232	0.019230769230769232	0.019230769230769232	0.019230769230769232	0.057692307692307696	0.019230769230769232
82	[News	0.013888888888888888	0.013888888888888888	0.013888888888888888	0.8194444444444444	0.013888888888888888	0.013888888888888888	0.041666666666666664	0.041666666666666664	0.013888888888888888	0.013888888888888888
83	[News	0.020833333333333332	0.020833333333333332	0.020833333333333332	0.8125	0.020833333333333332	0.020833333333333332	0.020833333333333332	0.020833333333333332	0.020833333333333332	0.020833333333333332
84	[News	0.014285714285714285	0.014285714285714285	0.04285714285714286	0.7857142857142857	0.07142857142857142	0.014285714285714285	0.014285714285714285	0.014285714285714285	0.014285714285714285	0.014285714285714285
85	[News	0.019230769230769232	0.019230769230769232	0.057692307692307696	0.7884615384615384	0.019230769230769232	0.019230769230769232	0.019230769230769232	0.019230769230769232	0.019230769230769232	0.019230769230769232
86	[News	0.017857142857142856	0.017857142857142856	0.017857142857142856	0.7321428571428571	0.017857142857142856	0.017857142857142856	0.017857142857142856	0.017857142857142856	0.125	0.017857142857142856
87	[News	0.016666666666666666	0.016666666666666666	0.016666666666666666	0.6833333333333333	0.016666666666666666	0.016666666666666666	0.08333333333333333	0.016666666666666666	0.11666666666666667	0.016666666666666666
88	[News	0.02	0.02	0.02	0.82	0.02	0.02	0.02	0.02	0.02	0.02
89	[News	0.017241379310344827	0.017241379310344827	0.017241379310344827	0.8103448275862069	0.017241379310344827	0.017241379310344827	0.017241379310344827	0.05172413793103448	0.017241379310344827	0.017241379310344827
90	[News	0.04838709677419355	0.016129032258064516	0.016129032258064516	0.6935483870967742	0.016129032258064516	0.016129032258064516	0.04838709677419355	0.08064516129032258	0.016129032258064516	0.04838709677419355
91	[News	0.05172413793103448	0.017241379310344827	0.017241379310344827	0.7758620689655172	0.017241379310344827	0.017241379310344827	0.05172413793103448	0.017241379310344827	0.017241379310344827	0.017241379310344827
92	[News	0.017241379310344827	0.017241379310344827	0.017241379310344827	0.7758620689655172	0.017241379310344827	0.017241379310344827	0.017241379310344827	0.017241379310344827	0.08620689655172414	0.017241379310344827
93	[News	0.020833333333333332	0.020833333333333332	0.0625	0.7291666666666666	0.020833333333333332	0.020833333333333332	0.0625	0.020833333333333332	0.020833333333333332	0.020833333333333332
94	[Photograph	0.08333333333333333	0.15	0.016666666666666666	0.016666666666666666	0.05	0.016666666666666666	0.5833333333333334	0.05	0.016666666666666666	0.016666666666666666
95	[Photograph	0.015151515151515152	0.2878787878787879	0.015151515151515152	0.015151515151515152	0.07575757575757576	0.015151515151515152	0.4090909090909091	0.015151515151515152	0.015151515151515152	0.13636363636363635
96	[Photograph	0.015625	0.328125	0.015625	0.015625	0.078125	0.078125	0.421875	0.015625	0.015625	0.015625
97	[Photograph	0.016129032258064516	0.04838709677419355	0.016129032258064516	0.016129032258064516	0.14516129032258066	0.016129032258064516	0.6612903225806451	0.04838709677419355	0.016129032258064516	0.016129032258064516
98	[Football	0.016666666666666666	0.11666666666666667	0.016666666666666666	0.016666666666666666	0.016666666666666666	0.08333333333333333	0.65	0.05	0.016666666666666666	0.016666666666666666
99	[Football	0.01282051282051282	0.16666666666666666	0.01282051282051282	0.01282051282051282	0.038461538461538464	0.01282051282051282	0.7051282051282052	0.01282051282051282	0.01282051282051282	0.01282051282051282
100	"[Football	0.013888888888888888	0.6805555555555556	0.013888888888888888	0.013888888888888888	0.09722222222222222	0.041666666666666664	0.06944444444444445	0.013888888888888888	0.013888888888888888	0.041666666666666664
101	[Coach	0.09615384615384616	0.057692307692307696	0.019230769230769232	0.019230769230769232	0.36538461538461536	0.019230769230769232	0.28846153846153844	0.09615384615384616	0.019230769230769232	0.019230769230769232
102	[Football	0.023809523809523808	0.07142857142857142	0.023809523809523808	0.07142857142857142	0.5	0.023809523809523808	0.16666666666666666	0.023809523809523808	0.07142857142857142	0.023809523809523808
103	[Football	0.017241379310344827	0.1896551724137931	0.017241379310344827	0.017241379310344827	0.017241379310344827	0.017241379310344827	0.5689655172413793	0.017241379310344827	0.017241379310344827	0.1206896551724138
104	"[A	0.013157894736842105	0.35526315789473684	0.013157894736842105	0.013157894736842105	0.06578947368421052	0.013157894736842105	0.14473684210526316	0.32894736842105265	0.039473684210526314	0.013157894736842105
105	[Football	0.016666666666666666	0.016666666666666666	0.016666666666666666	0.016666666666666666	0.25	0.016666666666666666	0.48333333333333334	0.15	0.016666666666666666	0.016666666666666666
106	[Football	0.019230769230769232	0.1346153846153846	0.019230769230769232	0.019230769230769232	0.09615384615384616	0.057692307692307696	0.5961538461538461	0.019230769230769232	0.019230769230769232	0.019230769230769232
107	[Football	0.017241379310344827	0.1206896551724138	0.017241379310344827	0.017241379310344827	0.08620689655172414	0.017241379310344827	0.6724137931034483	0.017241379310344827	0.017241379310344827	0.017241379310344827
108	[Football	0.015151515151515152	0.4696969696969697	0.015151515151515152	0.015151515151515152	0.045454545454545456	0.16666666666666666	0.045454545454545456	0.13636363636363635	0.015151515151515152	0.07575757575757576
109	"North	0.030612244897959183	0.21428571428571427	0.01020408163265306	0.01020408163265306	0.19387755102040816	0.01020408163265306	0.35714285714285715	0.15306122448979592	0.01020408163265306	0.01020408163265306
110	[Football	0.020833333333333332	0.3125	0.020833333333333332	0.020833333333333332	0.2708333333333333	0.020833333333333332	0.020833333333333332	0.2708333333333333	0.020833333333333332	0.020833333333333332
111	[Football	0.11290322580645161	0.3387096774193548	0.016129032258064516	0.016129032258064516	0.08064516129032258	0.04838709677419355	0.3064516129032258	0.016129032258064516	0.016129032258064516	0.04838709677419355
112	[Stanford	0.1595744680851064	0.3723404255319149	0.010638297872340425	0.010638297872340425	0.24468085106382978	0.07446808510638298	0.010638297872340425	0.09574468085106383	0.010638297872340425	0.010638297872340425
113	[Football	0.08928571428571429	0.125	0.017857142857142856	0.017857142857142856	0.08928571428571429	0.05357142857142857	0.375	0.08928571428571429	0.017857142857142856	0.125
114	[Football	0.016129032258064516	0.04838709677419355	0.016129032258064516	0.016129032258064516	0.14516129032258066	0.08064516129032258	0.46774193548387094	0.016129032258064516	0.016129032258064516	0.1774193548387097
115	[Football	0.018518518518518517	0.6111111111111112	0.018518518518518517	0.018518518518518517	0.05555555555555555	0.09259259259259259	0.018518518518518517	0.12962962962962962	0.018518518518518517	0.018518518518518517
116	[Football	0.018518518518518517	0.12962962962962962	0.018518518518518517	0.018518518518518517	0.2037037037037037	0.018518518518518517	0.5370370370370371	0.018518518518518517	0.018518518518518517	0.018518518518518517
117	[Football	0.020833333333333332	0.4375	0.0625	0.020833333333333332	0.0625	0.020833333333333332	0.020833333333333332	0.22916666666666666	0.020833333333333332	0.10416666666666667
118	[Football	0.015151515151515152	0.07575757575757576	0.015151515151515152	0.015151515151515152	0.015151515151515152	0.015151515151515152	0.4393939393939394	0.3484848484848485	0.015151515151515152	0.045454545454545456
119	"[A	0.00980392156862745	0.24509803921568626	0.00980392156862745	0.00980392156862745	0.00980392156862745	0.08823529411764706	0.4019607843137255	0.20588235294117646	0.00980392156862745	0.00980392156862745
120	"[Football	0.011627906976744186	0.1511627906976744	0.011627906976744186	0.011627906976744186	0.08139534883720931	0.08139534883720931	0.22093023255813954	0.26744186046511625	0.011627906976744186	0.1511627906976744
121	"[Football	0.011363636363636364	0.7159090909090909	0.011363636363636364	0.011363636363636364	0.011363636363636364	0.056818181818181816	0.03409090909090909	0.03409090909090909	0.011363636363636364	0.10227272727272728
122	[Football	0.017857142857142856	0.017857142857142856	0.017857142857142856	0.017857142857142856	0.017857142857142856	0.05357142857142857	0.5178571428571429	0.19642857142857142	0.017857142857142856	0.125
123	[Football	0.017241379310344827	0.05172413793103448	0.017241379310344827	0.017241379310344827	0.29310344827586204	0.017241379310344827	0.5	0.05172413793103448	0.017241379310344827	0.017241379310344827
124	[Football	0.016666666666666666	0.016666666666666666	0.016666666666666666	0.016666666666666666	0.016666666666666666	0.016666666666666666	0.6166666666666667	0.15	0.016666666666666666	0.11666666666666667
125	[Football	0.0125	0.0875	0.0125	0.0125	0.0625	0.0875	0.5375	0.1625	0.0125	0.0125
126	[Football	0.015625	0.046875	0.015625	0.015625	0.140625	0.046875	0.578125	0.109375	0.015625	0.015625
127	[Football	0.014285714285714285	0.014285714285714285	0.014285714285714285	0.014285714285714285	0.014285714285714285	0.014285714285714285	0.7571428571428571	0.07142857142857142	0.014285714285714285	0.07142857142857142
128	[Football	0.24193548387096775	0.11290322580645161	0.016129032258064516	0.016129032258064516	0.20967741935483872	0.24193548387096775	0.016129032258064516	0.016129032258064516	0.016129032258064516	0.11290322580645161
129	[Stanford	0.05319148936170213	0.20212765957446807	0.010638297872340425	0.010638297872340425	0.32978723404255317	0.1595744680851064	0.010638297872340425	0.20212765957446807	0.010638297872340425	0.010638297872340425
130	[Football	0.05172413793103448	0.5344827586206896	0.017241379310344827	0.017241379310344827	0.017241379310344827	0.08620689655172414	0.05172413793103448	0.08620689655172414	0.05172413793103448	0.08620689655172414
131	"[Football	0.017241379310344827	0.25862068965517243	0.017241379310344827	0.017241379310344827	0.1206896551724138	0.05172413793103448	0.05172413793103448	0.3620689655172414	0.05172413793103448	0.05172413793103448
132	[Football	0.020833333333333332	0.3541666666666667	0.020833333333333332	0.020833333333333332	0.22916666666666666	0.020833333333333332	0.020833333333333332	0.2708333333333333	0.020833333333333332	0.020833333333333332
133	"[Football	0.012195121951219513	0.8170731707317073	0.012195121951219513	0.012195121951219513	0.012195121951219513	0.012195121951219513	0.012195121951219513	0.012195121951219513	0.012195121951219513	0.08536585365853659
134	"[Football	0.010638297872340425	0.8191489361702128	0.010638297872340425	0.010638297872340425	0.010638297872340425	0.031914893617021274	0.031914893617021274	0.010638297872340425	0.010638297872340425	0.05319148936170213
135	"[North	0.14864864864864866	0.28378378378378377	0.013513513513513514	0.013513513513513514	0.20270270270270271	0.013513513513513514	0.013513513513513514	0.25675675675675674	0.013513513513513514	0.04054054054054054
136	[Jersey	0.015151515151515152	0.7424242424242424	0.015151515151515152	0.015151515151515152	0.045454545454545456	0.07575757575757576	0.015151515151515152	0.015151515151515152	0.015151515151515152	0.045454545454545456
137	[Beat	0.265625	0.109375	0.015625	0.015625	0.109375	0.015625	0.359375	0.046875	0.046875	0.015625
138	[Homecoming	0.15217391304347827	0.15217391304347827	0.021739130434782608	0.021739130434782608	0.06521739130434782	0.021739130434782608	0.2826086956521739	0.15217391304347827	0.06521739130434782	0.06521739130434782
139	[Students	0.017241379310344827	0.017241379310344827	0.017241379310344827	0.017241379310344827	0.43103448275862066	0.1206896551724138	0.1206896551724138	0.15517241379310345	0.08620689655172414	0.017241379310344827
140	[Football	0.016666666666666666	0.15	0.016666666666666666	0.016666666666666666	0.016666666666666666	0.016666666666666666	0.016666666666666666	0.48333333333333334	0.016666666666666666	0.25
141	[Homecoming	0.02	0.06	0.02	0.02	0.02	0.02	0.62	0.1	0.02	0.1
142	"[Football	0.011363636363636364	0.6477272727272727	0.011363636363636364	0.011363636363636364	0.10227272727272728	0.03409090909090909	0.011363636363636364	0.125	0.011363636363636364	0.03409090909090909
143	[Football	0.022727272727272728	0.4772727272727273	0.022727272727272728	0.022727272727272728	0.06818181818181818	0.11363636363636363	0.1590909090909091	0.06818181818181818	0.022727272727272728	0.022727272727272728
144	[Jersey	0.015151515151515152	0.6818181818181818	0.015151515151515152	0.015151515151515152	0.07575757575757576	0.07575757575757576	0.015151515151515152	0.015151515151515152	0.015151515151515152	0.07575757575757576
145	[Football	0.016129032258064516	0.7258064516129032	0.016129032258064516	0.016129032258064516	0.016129032258064516	0.016129032258064516	0.016129032258064516	0.04838709677419355	0.016129032258064516	0.11290322580645161
146	[Football	0.015625	0.765625	0.015625	0.015625	0.015625	0.078125	0.015625	0.015625	0.015625	0.046875
147	[Jersey	0.013513513513513514	0.6621621621621622	0.013513513513513514	0.04054054054054054	0.013513513513513514	0.06756756756756757	0.013513513513513514	0.04054054054054054	0.013513513513513514	0.12162162162162163
148	[Football	0.04838709677419355	0.6612903225806451	0.016129032258064516	0.016129032258064516	0.04838709677419355	0.11290322580645161	0.04838709677419355	0.016129032258064516	0.016129032258064516	0.016129032258064516
149	"[North	0.0945945945945946	0.20270270270270271	0.013513513513513514	0.013513513513513514	0.44594594594594594	0.013513513513513514	0.04054054054054054	0.14864864864864866	0.013513513513513514	0.013513513513513514
150	"[Football	0.03260869565217391	0.7717391304347826	0.010869565217391304	0.010869565217391304	0.03260869565217391	0.05434782608695652	0.010869565217391304	0.010869565217391304	0.010869565217391304	0.05434782608695652
151	[Jersey	0.014705882352941176	0.6029411764705882	0.014705882352941176	0.014705882352941176	0.014705882352941176	0.16176470588235295	0.014705882352941176	0.014705882352941176	0.014705882352941176	0.1323529411764706
152	[Jersey	0.013888888888888888	0.7361111111111112	0.013888888888888888	0.013888888888888888	0.09722222222222222	0.041666666666666664	0.013888888888888888	0.041666666666666664	0.013888888888888888	0.013888888888888888
153	"[Football	0.03488372093023256	0.8488372093023255	0.011627906976744186	0.011627906976744186	0.011627906976744186	0.03488372093023256	0.011627906976744186	0.011627906976744186	0.011627906976744186	0.011627906976744186
154	[Football	0.013888888888888888	0.5972222222222222	0.013888888888888888	0.013888888888888888	0.1527777777777778	0.06944444444444445	0.013888888888888888	0.041666666666666664	0.013888888888888888	0.06944444444444445
155	[Football	0.02	0.18	0.02	0.02	0.02	0.02	0.5	0.02	0.02	0.18
156	"[Football	0.011627906976744186	0.7558139534883721	0.011627906976744186	0.03488372093023256	0.03488372093023256	0.10465116279069768	0.011627906976744186	0.011627906976744186	0.011627906976744186	0.011627906976744186
157	[Homecoming	0.017857142857142856	0.05357142857142857	0.017857142857142856	0.017857142857142856	0.08928571428571429	0.017857142857142856	0.625	0.05357142857142857	0.017857142857142856	0.08928571428571429
158	"[Football	0.010416666666666666	0.8229166666666666	0.010416666666666666	0.010416666666666666	0.010416666666666666	0.03125	0.010416666666666666	0.010416666666666666	0.010416666666666666	0.07291666666666667
159	[Football	0.013513513513513514	0.5540540540540541	0.013513513513513514	0.013513513513513514	0.013513513513513514	0.17567567567567569	0.04054054054054054	0.013513513513513514	0.013513513513513514	0.14864864864864866
160	"[Football	0.012195121951219513	0.8658536585365854	0.012195121951219513	0.012195121951219513	0.012195121951219513	0.036585365853658534	0.012195121951219513	0.012195121951219513	0.012195121951219513	0.012195121951219513
161	[Football	0.016666666666666666	0.4166666666666667	0.016666666666666666	0.016666666666666666	0.05	0.18333333333333332	0.21666666666666667	0.05	0.016666666666666666	0.016666666666666666
162	[Football	0.0625	0.6041666666666666	0.020833333333333332	0.020833333333333332	0.020833333333333332	0.0625	0.10416666666666667	0.0625	0.020833333333333332	0.020833333333333332
163	"[Football	0.011363636363636364	0.8522727272727273	0.011363636363636364	0.011363636363636364	0.011363636363636364	0.056818181818181816	0.011363636363636364	0.011363636363636364	0.011363636363636364	0.011363636363636364
164	"[Jersey	0.012195121951219513	0.6951219512195121	0.012195121951219513	0.012195121951219513	0.036585365853658534	0.036585365853658534	0.08536585365853659	0.012195121951219513	0.036585365853658534	0.06097560975609756
165	[Football	0.02	0.26	0.02	0.02	0.1	0.02	0.02	0.34	0.06	0.14
166	[Still	0.021739130434782608	0.45652173913043476	0.021739130434782608	0.021739130434782608	0.10869565217391304	0.06521739130434782	0.15217391304347827	0.06521739130434782	0.021739130434782608	0.06521739130434782
167	[North	0.016666666666666666	0.05	0.016666666666666666	0.016666666666666666	0.016666666666666666	0.016666666666666666	0.7166666666666667	0.11666666666666667	0.016666666666666666	0.016666666666666666
168	"[Football	0.011627906976744186	0.7093023255813954	0.011627906976744186	0.011627906976744186	0.08139534883720931	0.05813953488372093	0.011627906976744186	0.05813953488372093	0.011627906976744186	0.03488372093023256
169	"[North	0.018518518518518517	0.018518518518518517	0.018518518518518517	0.018518518518518517	0.018518518518518517	0.05555555555555555	0.6481481481481481	0.12962962962962962	0.018518518518518517	0.05555555555555555
170	"[Football	0.012195121951219513	0.8414634146341463	0.012195121951219513	0.012195121951219513	0.036585365853658534	0.036585365853658534	0.012195121951219513	0.012195121951219513	0.012195121951219513	0.012195121951219513
171	[Football	0.05	0.05	0.016666666666666666	0.016666666666666666	0.05	0.15	0.18333333333333332	0.31666666666666665	0.016666666666666666	0.15
172	"[North	0.05555555555555555	0.12962962962962962	0.018518518518518517	0.018518518518518517	0.018518518518518517	0.12962962962962962	0.5740740740740741	0.018518518518518517	0.018518518518518517	0.018518518518518517
173	[Four	0.13636363636363635	0.16666666666666666	0.015151515151515152	0.015151515151515152	0.19696969696969696	0.19696969696969696	0.13636363636363635	0.10606060606060606	0.015151515151515152	0.015151515151515152
174	"[Football	0.011627906976744186	0.8023255813953488	0.011627906976744186	0.011627906976744186	0.011627906976744186	0.03488372093023256	0.011627906976744186	0.011627906976744186	0.011627906976744186	0.08139534883720931
175	[Commerce	0.016666666666666666	0.11666666666666667	0.016666666666666666	0.016666666666666666	0.11666666666666667	0.016666666666666666	0.4166666666666667	0.21666666666666667	0.016666666666666666	0.05
176	[1941	0.14	0.1	0.02	0.02	0.06	0.1	0.26	0.22	0.02	0.06
177	[1941	0.08064516129032258	0.04838709677419355	0.016129032258064516	0.016129032258064516	0.08064516129032258	0.04838709677419355	0.6290322580645161	0.04838709677419355	0.016129032258064516	0.016129032258064516
178	[Homecoming	0.0625	0.14583333333333334	0.020833333333333332	0.020833333333333332	0.1875	0.0625	0.22916666666666666	0.1875	0.020833333333333332	0.0625
179	[Dick	0.10416666666666667	0.0625	0.0625	0.020833333333333332	0.020833333333333332	0.22916666666666666	0.3541666666666667	0.020833333333333332	0.020833333333333332	0.10416666666666667
180	[Dick	0.10869565217391304	0.1956521739130435	0.021739130434782608	0.021739130434782608	0.021739130434782608	0.021739130434782608	0.1956521739130435	0.021739130434782608	0.021739130434782608	0.3695652173913043
181	[Beat	0.234375	0.078125	0.015625	0.015625	0.171875	0.015625	0.359375	0.046875	0.046875	0.015625
182	[Homecoming	0.013888888888888888	0.09722222222222222	0.013888888888888888	0.013888888888888888	0.3194444444444444	0.09722222222222222	0.2916666666666667	0.125	0.013888888888888888	0.013888888888888888
183	[Gerry	0.020833333333333332	0.0625	0.020833333333333332	0.020833333333333332	0.020833333333333332	0.4791666666666667	0.14583333333333334	0.0625	0.020833333333333332	0.14583333333333334
184	[1961	0.015625	0.296875	0.015625	0.015625	0.015625	0.015625	0.546875	0.015625	0.015625	0.046875
185	[North	0.019230769230769232	0.1346153846153846	0.019230769230769232	0.019230769230769232	0.057692307692307696	0.019230769230769232	0.6730769230769231	0.019230769230769232	0.019230769230769232	0.019230769230769232
186	[Football	0.017241379310344827	0.22413793103448276	0.017241379310344827	0.017241379310344827	0.017241379310344827	0.05172413793103448	0.603448275862069	0.017241379310344827	0.017241379310344827	0.017241379310344827
187	[Football	0.016666666666666666	0.31666666666666665	0.016666666666666666	0.016666666666666666	0.016666666666666666	0.016666666666666666	0.016666666666666666	0.5166666666666667	0.016666666666666666	0.05
188	"[Football	0.010416666666666666	0.8020833333333334	0.010416666666666666	0.010416666666666666	0.010416666666666666	0.07291666666666667	0.03125	0.010416666666666666	0.010416666666666666	0.03125
189	"[Football	0.011627906976744186	0.7790697674418605	0.011627906976744186	0.011627906976744186	0.08139534883720931	0.03488372093023256	0.011627906976744186	0.03488372093023256	0.011627906976744186	0.011627906976744186
190	[Football	0.015151515151515152	0.4696969696969697	0.015151515151515152	0.015151515151515152	0.015151515151515152	0.045454545454545456	0.015151515151515152	0.015151515151515152	0.015151515151515152	0.3787878787878788
191	"Football	0.011111111111111112	0.8111111111111111	0.011111111111111112	0.011111111111111112	0.05555555555555555	0.011111111111111112	0.011111111111111112	0.05555555555555555	0.011111111111111112	0.011111111111111112
192	[Football	0.016666666666666666	0.21666666666666667	0.016666666666666666	0.016666666666666666	0.08333333333333333	0.016666666666666666	0.05	0.48333333333333334	0.016666666666666666	0.08333333333333333
193	[Number	0.014285714285714285	0.5	0.014285714285714285	0.014285714285714285	0.014285714285714285	0.12857142857142856	0.014285714285714285	0.014285714285714285	0.014285714285714285	0.2714285714285714
194	"[Football	0.011904761904761904	0.7023809523809523	0.011904761904761904	0.011904761904761904	0.10714285714285714	0.08333333333333333	0.03571428571428571	0.011904761904761904	0.011904761904761904	0.011904761904761904
195	"[North	0.015625	0.015625	0.015625	0.015625	0.015625	0.171875	0.546875	0.109375	0.015625	0.078125
196	"[Football	0.011627906976744186	0.7558139534883721	0.011627906976744186	0.011627906976744186	0.011627906976744186	0.1511627906976744	0.011627906976744186	0.011627906976744186	0.011627906976744186	0.011627906976744186
197	"[Football	0.011111111111111112	0.8777777777777778	0.011111111111111112	0.011111111111111112	0.011111111111111112	0.03333333333333333	0.011111111111111112	0.011111111111111112	0.011111111111111112	0.011111111111111112
198	"[Football	0.011627906976744186	0.8488372093023255	0.011627906976744186	0.011627906976744186	0.011627906976744186	0.05813953488372093	0.011627906976744186	0.011627906976744186	0.011627906976744186	0.011627906976744186
