0	[Darius	0.05263157894736842	0.5	0.13157894736842105	0.2894736842105263	0.02631578947368421
1	[UNT	0.03571428571428571	0.2857142857142857	0.25	0.39285714285714285	0.03571428571428571
2	[Aerial	0.05128205128205128	0.28205128205128205	0.10256410256410256	0.5384615384615384	0.02564102564102564
3	[Mean	0.027777777777777776	0.25	0.1111111111111111	0.4166666666666667	0.19444444444444445
4	[LA	0.038461538461538464	0.6923076923076923	0.19230769230769232	0.038461538461538464	0.038461538461538464
5	[LA	0.030303030303030304	0.5454545454545454	0.06060606060606061	0.3333333333333333	0.030303030303030304
6	[North	0.02631578947368421	0.4473684210526316	0.07894736842105263	0.42105263157894735	0.02631578947368421
7	[Football	0.027777777777777776	0.6111111111111112	0.027777777777777776	0.3055555555555556	0.027777777777777776
8	[Mean	0.05555555555555555	0.4166666666666667	0.1111111111111111	0.2777777777777778	0.1388888888888889
9	[News	0.2692307692307692	0.038461538461538464	0.038461538461538464	0.038461538461538464	0.6153846153846154
10	[News	0.04	0.04	0.04	0.08	0.8
11	[News	0.08695652173913043	0.043478260869565216	0.08695652173913043	0.043478260869565216	0.7391304347826086
12	[News	0.4090909090909091	0.045454545454545456	0.045454545454545456	0.045454545454545456	0.45454545454545453
13	[Women's	0.02702702702702703	0.35135135135135137	0.24324324324324326	0.32432432432432434	0.05405405405405406
14	[Two	0.02631578947368421	0.39473684210526316	0.05263157894736842	0.5	0.02631578947368421
15	[Louisianna	0.06060606060606061	0.48484848484848486	0.09090909090909091	0.30303030303030304	0.06060606060606061
16	[Mean	0.05128205128205128	0.7435897435897436	0.05128205128205128	0.1282051282051282	0.02564102564102564
17	[Child	0.038461538461538464	0.38461538461538464	0.23076923076923078	0.3076923076923077	0.038461538461538464
18	[LA	0.02631578947368421	0.7368421052631579	0.02631578947368421	0.18421052631578946	0.02631578947368421
19	[Tyler	0.023255813953488372	0.4418604651162791	0.11627906976744186	0.3953488372093023	0.023255813953488372
20	[Player's	0.02702702702702703	0.6216216216216216	0.16216216216216217	0.10810810810810811	0.08108108108108109
21	[Mean	0.06666666666666667	0.6333333333333333	0.1	0.16666666666666666	0.03333333333333333
22	[Mean	0.03333333333333333	0.36666666666666664	0.26666666666666666	0.3	0.03333333333333333
23	[North	0.02564102564102564	0.7948717948717948	0.05128205128205128	0.07692307692307693	0.05128205128205128
24	[North	0.05405405405405406	0.3783783783783784	0.05405405405405406	0.4864864864864865	0.02702702702702703
25	[North	0.07692307692307693	0.358974358974359	0.07692307692307693	0.46153846153846156	0.02564102564102564
26	[Mean	0.13636363636363635	0.38636363636363635	0.022727272727272728	0.4090909090909091	0.045454545454545456
27	[Women's	0.02127659574468085	0.3829787234042553	0.10638297872340426	0.3404255319148936	0.14893617021276595
28	[Man	0.08333333333333333	0.19444444444444445	0.3888888888888889	0.3055555555555556	0.027777777777777776
29	[UNT	0.11428571428571428	0.5428571428571428	0.2571428571428571	0.05714285714285714	0.02857142857142857
30	[Mean	0.03333333333333333	0.7	0.03333333333333333	0.2	0.03333333333333333
31	[Darius	0.05128205128205128	0.46153846153846156	0.07692307692307693	0.38461538461538464	0.02564102564102564
32	[Game	0.1111111111111111	0.37037037037037035	0.07407407407407407	0.3333333333333333	0.1111111111111111
33	[Three	0.027777777777777776	0.2777777777777778	0.08333333333333333	0.5833333333333334	0.027777777777777776
34	[Spiriki	0.11764705882352941	0.6764705882352942	0.08823529411764706	0.08823529411764706	0.029411764705882353
35	[Students	0.029411764705882353	0.29411764705882354	0.11764705882352941	0.5	0.058823529411764705
36	[North	0.07407407407407407	0.48148148148148145	0.07407407407407407	0.3333333333333333	0.037037037037037035
37	[Aerial	0.15151515151515152	0.36363636363636365	0.030303030303030304	0.42424242424242425	0.030303030303030304
38	[North	0.06818181818181818	0.7954545454545454	0.022727272727272728	0.09090909090909091	0.022727272727272728
39	[News	0.7142857142857143	0.03571428571428571	0.03571428571428571	0.03571428571428571	0.17857142857142858
40	[News	0.7307692307692307	0.07692307692307693	0.038461538461538464	0.038461538461538464	0.11538461538461539
41	[News	0.8518518518518519	0.037037037037037035	0.037037037037037035	0.037037037037037035	0.037037037037037035
42	[News	0.7241379310344828	0.034482758620689655	0.034482758620689655	0.06896551724137931	0.13793103448275862
43	[News	0.7222222222222222	0.05555555555555555	0.027777777777777776	0.05555555555555555	0.1388888888888889
44	[News	0.8148148148148148	0.037037037037037035	0.037037037037037035	0.037037037037037035	0.07407407407407407
45	[News	0.8148148148148148	0.037037037037037035	0.07407407407407407	0.037037037037037035	0.037037037037037035
46	[News	0.7391304347826086	0.08695652173913043	0.043478260869565216	0.043478260869565216	0.08695652173913043
47	[News	0.8076923076923077	0.038461538461538464	0.038461538461538464	0.038461538461538464	0.07692307692307693
48	[News	0.7419354838709677	0.03225806451612903	0.03225806451612903	0.06451612903225806	0.12903225806451613
49	[News	0.8214285714285714	0.03571428571428571	0.03571428571428571	0.03571428571428571	0.07142857142857142
50	[News	0.8709677419354839	0.03225806451612903	0.03225806451612903	0.03225806451612903	0.03225806451612903
51	[News	0.8	0.02857142857142857	0.02857142857142857	0.08571428571428572	0.05714285714285714
52	[News	0.8620689655172413	0.034482758620689655	0.034482758620689655	0.034482758620689655	0.034482758620689655
53	[News	0.7272727272727273	0.030303030303030304	0.030303030303030304	0.06060606060606061	0.15151515151515152
54	[News	0.7407407407407407	0.037037037037037035	0.07407407407407407	0.037037037037037035	0.1111111111111111
55	[News	0.6578947368421053	0.02631578947368421	0.02631578947368421	0.07894736842105263	0.21052631578947367
56	[News	0.8387096774193549	0.03225806451612903	0.03225806451612903	0.03225806451612903	0.06451612903225806
57	[News	0.6176470588235294	0.08823529411764706	0.029411764705882353	0.058823529411764705	0.20588235294117646
58	[News	0.7666666666666667	0.03333333333333333	0.03333333333333333	0.06666666666666667	0.1
59	[News	0.84	0.04	0.04	0.04	0.04
60	[News	0.8181818181818182	0.030303030303030304	0.06060606060606061	0.030303030303030304	0.06060606060606061
61	[News	0.8571428571428571	0.03571428571428571	0.03571428571428571	0.03571428571428571	0.03571428571428571
62	[News	0.8	0.03333333333333333	0.03333333333333333	0.03333333333333333	0.1
63	[News	0.8484848484848485	0.030303030303030304	0.030303030303030304	0.030303030303030304	0.06060606060606061
64	[News	0.8648648648648649	0.02702702702702703	0.02702702702702703	0.05405405405405406	0.02702702702702703
65	[News	0.8461538461538461	0.038461538461538464	0.038461538461538464	0.038461538461538464	0.038461538461538464
66	[News	0.8076923076923077	0.038461538461538464	0.038461538461538464	0.038461538461538464	0.07692307692307693
67	[News	0.7857142857142857	0.03571428571428571	0.03571428571428571	0.03571428571428571	0.10714285714285714
68	[News	0.8529411764705882	0.029411764705882353	0.029411764705882353	0.029411764705882353	0.058823529411764705
69	[News	0.7692307692307693	0.038461538461538464	0.07692307692307693	0.038461538461538464	0.07692307692307693
70	[News	0.8571428571428571	0.03571428571428571	0.03571428571428571	0.03571428571428571	0.03571428571428571
71	[News	0.8666666666666667	0.03333333333333333	0.03333333333333333	0.03333333333333333	0.03333333333333333
72	[News	0.7142857142857143	0.07142857142857142	0.03571428571428571	0.03571428571428571	0.14285714285714285
73	[News	0.8235294117647058	0.029411764705882353	0.029411764705882353	0.029411764705882353	0.08823529411764706
74	[News	0.8275862068965517	0.034482758620689655	0.034482758620689655	0.034482758620689655	0.06896551724137931
75	[News	0.8461538461538461	0.038461538461538464	0.038461538461538464	0.038461538461538464	0.038461538461538464
76	[News	0.7647058823529411	0.029411764705882353	0.058823529411764705	0.058823529411764705	0.08823529411764706
77	[News	0.7941176470588235	0.029411764705882353	0.029411764705882353	0.058823529411764705	0.08823529411764706
78	[News	0.84375	0.03125	0.03125	0.03125	0.0625
79	[News	0.8214285714285714	0.03571428571428571	0.07142857142857142	0.03571428571428571	0.03571428571428571
80	[News	0.8461538461538461	0.038461538461538464	0.038461538461538464	0.038461538461538464	0.038461538461538464
81	[News	0.8076923076923077	0.038461538461538464	0.038461538461538464	0.038461538461538464	0.07692307692307693
82	[News	0.8611111111111112	0.027777777777777776	0.027777777777777776	0.05555555555555555	0.027777777777777776
83	[News	0.8333333333333334	0.041666666666666664	0.041666666666666664	0.041666666666666664	0.041666666666666664
84	[News	0.8857142857142857	0.02857142857142857	0.02857142857142857	0.02857142857142857	0.02857142857142857
85	[News	0.8461538461538461	0.038461538461538464	0.038461538461538464	0.038461538461538464	0.038461538461538464
86	[News	0.8571428571428571	0.03571428571428571	0.03571428571428571	0.03571428571428571	0.03571428571428571
87	[News	0.8666666666666667	0.03333333333333333	0.03333333333333333	0.03333333333333333	0.03333333333333333
88	[News	0.8	0.08	0.04	0.04	0.04
89	[News	0.7586206896551724	0.034482758620689655	0.06896551724137931	0.10344827586206896	0.034482758620689655
90	[News	0.8387096774193549	0.03225806451612903	0.06451612903225806	0.03225806451612903	0.03225806451612903
91	[News	0.7931034482758621	0.034482758620689655	0.034482758620689655	0.06896551724137931	0.06896551724137931
92	[News	0.8620689655172413	0.034482758620689655	0.034482758620689655	0.034482758620689655	0.034482758620689655
93	[News	0.6666666666666666	0.041666666666666664	0.08333333333333333	0.041666666666666664	0.16666666666666666
94	[Photograph	0.03333333333333333	0.5	0.3333333333333333	0.03333333333333333	0.1
95	[Photograph	0.09090909090909091	0.5454545454545454	0.21212121212121213	0.030303030303030304	0.12121212121212122
96	[Photograph	0.0625	0.8125	0.0625	0.03125	0.03125
97	[Photograph	0.03225806451612903	0.8064516129032258	0.06451612903225806	0.06451612903225806	0.03225806451612903
98	[Football	0.06666666666666667	0.7333333333333333	0.1	0.06666666666666667	0.03333333333333333
99	[Football	0.02564102564102564	0.8461538461538461	0.07692307692307693	0.02564102564102564	0.02564102564102564
100	"[Football	0.027777777777777776	0.7777777777777778	0.1388888888888889	0.027777777777777776	0.027777777777777776
101	[Coach	0.15384615384615385	0.34615384615384615	0.11538461538461539	0.34615384615384615	0.038461538461538464
102	[Football	0.047619047619047616	0.3333333333333333	0.38095238095238093	0.19047619047619047	0.047619047619047616
103	[Football	0.034482758620689655	0.8620689655172413	0.034482758620689655	0.034482758620689655	0.034482758620689655
104	"[A	0.05263157894736842	0.6578947368421053	0.05263157894736842	0.21052631578947367	0.02631578947368421
105	[Football	0.06666666666666667	0.8	0.06666666666666667	0.03333333333333333	0.03333333333333333
106	[Football	0.038461538461538464	0.6153846153846154	0.07692307692307693	0.15384615384615385	0.11538461538461539
107	[Football	0.034482758620689655	0.8275862068965517	0.06896551724137931	0.034482758620689655	0.034482758620689655
108	[Football	0.030303030303030304	0.7575757575757576	0.09090909090909091	0.09090909090909091	0.030303030303030304
109	"North	0.02040816326530612	0.7959183673469388	0.04081632653061224	0.12244897959183673	0.02040816326530612
110	[Football	0.08333333333333333	0.625	0.08333333333333333	0.16666666666666666	0.041666666666666664
111	[Football	0.03225806451612903	0.7419354838709677	0.0967741935483871	0.0967741935483871	0.03225806451612903
112	[Stanford	0.06382978723404255	0.44680851063829785	0.2127659574468085	0.2553191489361702	0.02127659574468085
113	[Football	0.07142857142857142	0.5	0.07142857142857142	0.25	0.10714285714285714
114	[Football	0.03225806451612903	0.7096774193548387	0.0967741935483871	0.12903225806451613	0.03225806451612903
115	[Football	0.037037037037037035	0.7407407407407407	0.07407407407407407	0.1111111111111111	0.037037037037037035
116	[Football	0.037037037037037035	0.8518518518518519	0.037037037037037035	0.037037037037037035	0.037037037037037035
117	[Football	0.041666666666666664	0.5833333333333334	0.20833333333333334	0.125	0.041666666666666664
118	[Football	0.030303030303030304	0.5151515151515151	0.030303030303030304	0.3939393939393939	0.030303030303030304
119	"[A	0.058823529411764705	0.6666666666666666	0.0392156862745098	0.21568627450980393	0.0196078431372549
120	"[Football	0.046511627906976744	0.5116279069767442	0.13953488372093023	0.27906976744186046	0.023255813953488372
121	"[Football	0.06818181818181818	0.7045454545454546	0.11363636363636363	0.09090909090909091	0.022727272727272728
122	[Football	0.07142857142857142	0.7142857142857143	0.03571428571428571	0.14285714285714285	0.03571428571428571
123	[Football	0.034482758620689655	0.7931034482758621	0.034482758620689655	0.10344827586206896	0.034482758620689655
124	[Football	0.03333333333333333	0.8	0.03333333333333333	0.1	0.03333333333333333
125	[Football	0.025	0.75	0.025	0.175	0.025
126	[Football	0.03125	0.78125	0.0625	0.09375	0.03125
127	[Football	0.02857142857142857	0.8571428571428571	0.02857142857142857	0.05714285714285714	0.02857142857142857
128	[Football	0.03225806451612903	0.45161290322580644	0.16129032258064516	0.3225806451612903	0.03225806451612903
129	[Stanford	0.0851063829787234	0.425531914893617	0.1702127659574468	0.2978723404255319	0.02127659574468085
130	[Football	0.034482758620689655	0.6896551724137931	0.10344827586206896	0.13793103448275862	0.034482758620689655
131	"[Football	0.06896551724137931	0.6896551724137931	0.06896551724137931	0.13793103448275862	0.034482758620689655
132	[Football	0.041666666666666664	0.4583333333333333	0.25	0.20833333333333334	0.041666666666666664
133	"[Football	0.024390243902439025	0.8780487804878049	0.04878048780487805	0.024390243902439025	0.024390243902439025
134	"[Football	0.02127659574468085	0.851063829787234	0.0425531914893617	0.06382978723404255	0.02127659574468085
135	"[North	0.10810810810810811	0.40540540540540543	0.24324324324324326	0.21621621621621623	0.02702702702702703
136	[Jersey	0.030303030303030304	0.7272727272727273	0.15151515151515152	0.06060606060606061	0.030303030303030304
137	[Beat	0.0625	0.28125	0.15625	0.46875	0.03125
138	[Homecoming	0.08695652173913043	0.43478260869565216	0.08695652173913043	0.34782608695652173	0.043478260869565216
139	[Students	0.034482758620689655	0.13793103448275862	0.3793103448275862	0.41379310344827586	0.034482758620689655
140	[Football	0.06666666666666667	0.6333333333333333	0.06666666666666667	0.2	0.03333333333333333
141	[Homecoming	0.08	0.76	0.04	0.08	0.04
142	"[Football	0.022727272727272728	0.8636363636363636	0.022727272727272728	0.06818181818181818	0.022727272727272728
143	[Football	0.045454545454545456	0.6363636363636364	0.22727272727272727	0.045454545454545456	0.045454545454545456
144	[Jersey	0.030303030303030304	0.7575757575757576	0.15151515151515152	0.030303030303030304	0.030303030303030304
145	[Football	0.03225806451612903	0.8064516129032258	0.06451612903225806	0.06451612903225806	0.03225806451612903
146	[Football	0.03125	0.65625	0.1875	0.09375	0.03125
147	[Jersey	0.02702702702702703	0.7837837837837838	0.05405405405405406	0.10810810810810811	0.02702702702702703
148	[Football	0.03225806451612903	0.7096774193548387	0.0967741935483871	0.12903225806451613	0.03225806451612903
149	"[North	0.02702702702702703	0.2702702702702703	0.32432432432432434	0.35135135135135137	0.02702702702702703
150	"[Football	0.021739130434782608	0.8260869565217391	0.06521739130434782	0.06521739130434782	0.021739130434782608
151	[Jersey	0.029411764705882353	0.7352941176470589	0.14705882352941177	0.058823529411764705	0.029411764705882353
152	[Jersey	0.027777777777777776	0.8611111111111112	0.05555555555555555	0.027777777777777776	0.027777777777777776
153	"[Football	0.023255813953488372	0.8604651162790697	0.06976744186046512	0.023255813953488372	0.023255813953488372
154	[Football	0.027777777777777776	0.6666666666666666	0.19444444444444445	0.08333333333333333	0.027777777777777776
155	[Football	0.04	0.84	0.04	0.04	0.04
156	"[Football	0.023255813953488372	0.8372093023255814	0.09302325581395349	0.023255813953488372	0.023255813953488372
157	[Homecoming	0.03571428571428571	0.75	0.07142857142857142	0.10714285714285714	0.03571428571428571
158	"[Football	0.020833333333333332	0.875	0.041666666666666664	0.041666666666666664	0.020833333333333332
159	[Football	0.02702702702702703	0.5945945945945946	0.10810810810810811	0.24324324324324326	0.02702702702702703
160	"[Football	0.024390243902439025	0.8780487804878049	0.04878048780487805	0.024390243902439025	0.024390243902439025
161	[Football	0.03333333333333333	0.7	0.06666666666666667	0.16666666666666666	0.03333333333333333
162	[Football	0.08333333333333333	0.5833333333333334	0.16666666666666666	0.125	0.041666666666666664
163	"[Football	0.022727272727272728	0.8181818181818182	0.11363636363636363	0.022727272727272728	0.022727272727272728
164	"[Jersey	0.024390243902439025	0.7317073170731707	0.12195121951219512	0.0975609756097561	0.024390243902439025
165	[Football	0.04	0.64	0.12	0.16	0.04
166	[Still	0.043478260869565216	0.7391304347826086	0.043478260869565216	0.13043478260869565	0.043478260869565216
167	[North	0.06666666666666667	0.7	0.06666666666666667	0.13333333333333333	0.03333333333333333
168	"[Football	0.023255813953488372	0.8372093023255814	0.046511627906976744	0.06976744186046512	0.023255813953488372
169	"[North	0.037037037037037035	0.6296296296296297	0.1111111111111111	0.18518518518518517	0.037037037037037035
170	"[Football	0.024390243902439025	0.8780487804878049	0.024390243902439025	0.04878048780487805	0.024390243902439025
171	[Football	0.03333333333333333	0.43333333333333335	0.06666666666666667	0.4	0.06666666666666667
172	"[North	0.037037037037037035	0.7037037037037037	0.037037037037037035	0.18518518518518517	0.037037037037037035
173	[Four	0.030303030303030304	0.18181818181818182	0.18181818181818182	0.5757575757575758	0.030303030303030304
174	"[Football	0.023255813953488372	0.8837209302325582	0.046511627906976744	0.023255813953488372	0.023255813953488372
175	[Commerce	0.06666666666666667	0.6666666666666666	0.16666666666666666	0.06666666666666667	0.03333333333333333
176	[1941	0.08	0.28	0.04	0.52	0.08
177	[1941	0.16129032258064516	0.6129032258064516	0.0967741935483871	0.0967741935483871	0.03225806451612903
178	[Homecoming	0.041666666666666664	0.2916666666666667	0.16666666666666666	0.4583333333333333	0.041666666666666664
179	[Dick	0.041666666666666664	0.75	0.041666666666666664	0.041666666666666664	0.125
180	[Dick	0.043478260869565216	0.6956521739130435	0.08695652173913043	0.043478260869565216	0.13043478260869565
181	[Beat	0.09375	0.375	0.0625	0.4375	0.03125
182	[Homecoming	0.027777777777777776	0.4722222222222222	0.1388888888888889	0.3333333333333333	0.027777777777777776
183	[Gerry	0.041666666666666664	0.7083333333333334	0.08333333333333333	0.125	0.041666666666666664
184	[1961	0.03125	0.84375	0.03125	0.0625	0.03125
185	[North	0.038461538461538464	0.8461538461538461	0.038461538461538464	0.038461538461538464	0.038461538461538464
186	[Football	0.034482758620689655	0.7931034482758621	0.10344827586206896	0.034482758620689655	0.034482758620689655
187	[Football	0.06666666666666667	0.4666666666666667	0.2	0.23333333333333334	0.03333333333333333
188	"[Football	0.020833333333333332	0.8333333333333334	0.08333333333333333	0.041666666666666664	0.020833333333333332
189	"[Football	0.023255813953488372	0.813953488372093	0.06976744186046512	0.06976744186046512	0.023255813953488372
190	[Football	0.030303030303030304	0.6666666666666666	0.21212121212121213	0.06060606060606061	0.030303030303030304
191	"Football	0.022222222222222223	0.8222222222222222	0.1111111111111111	0.022222222222222223	0.022222222222222223
192	[Football	0.03333333333333333	0.7	0.03333333333333333	0.2	0.03333333333333333
193	[Number	0.02857142857142857	0.6	0.2571428571428571	0.08571428571428572	0.02857142857142857
194	"[Football	0.023809523809523808	0.8333333333333334	0.023809523809523808	0.09523809523809523	0.023809523809523808
195	"[North	0.03125	0.625	0.03125	0.28125	0.03125
196	"[Football	0.023255813953488372	0.8372093023255814	0.046511627906976744	0.06976744186046512	0.023255813953488372
197	"[Football	0.022222222222222223	0.7555555555555555	0.15555555555555556	0.044444444444444446	0.022222222222222223
198	"[Football	0.023255813953488372	0.8372093023255814	0.09302325581395349	0.023255813953488372	0.023255813953488372
199	[Football	0.034482758620689655	0.7241379310344828	0.06896551724137931	0.13793103448275862	0.034482758620689655
200	"Football	0.041666666666666664	0.8541666666666666	0.0625	0.020833333333333332	0.020833333333333332
201	[Football	0.045454545454545456	0.8181818181818182	0.045454545454545456	0.045454545454545456	0.045454545454545456
202	[Football	0.03571428571428571	0.75	0.07142857142857142	0.10714285714285714	0.03571428571428571
203	"[Jersey	0.025	0.8	0.075	0.075	0.025
204	[Football	0.029411764705882353	0.7352941176470589	0.11764705882352941	0.08823529411764706	0.029411764705882353
205	[UNT	0.14285714285714285	0.38095238095238093	0.2857142857142857	0.14285714285714285	0.047619047619047616
206	[1962	0.04	0.8	0.04	0.08	0.04
207	[UNT	0.043478260869565216	0.5217391304347826	0.21739130434782608	0.17391304347826086	0.043478260869565216
208	[Football	0.037037037037037035	0.18518518518518517	0.2222222222222222	0.5185185185185185	0.037037037037037035
209	"[Football	0.0625	0.8125	0.0625	0.03125	0.03125
210	[Commerce	0.15384615384615385	0.5	0.07692307692307693	0.23076923076923078	0.038461538461538464
211	[North	0.02702702702702703	0.5405405405405406	0.02702702702702703	0.3783783783783784	0.02702702702702703
212	"[Football	0.022222222222222223	0.8	0.08888888888888889	0.06666666666666667	0.022222222222222223
213	[Football	0.08333333333333333	0.7916666666666666	0.041666666666666664	0.041666666666666664	0.041666666666666664
214	"[Football	0.022727272727272728	0.8863636363636364	0.045454545454545456	0.022727272727272728	0.022727272727272728
215	[Football	0.04	0.76	0.04	0.12	0.04
216	[Football	0.02702702702702703	0.7027027027027027	0.08108108108108109	0.16216216216216217	0.02702702702702703
217	[David	0.029411764705882353	0.7058823529411765	0.08823529411764706	0.14705882352941177	0.029411764705882353
218	[Stands	0.21052631578947367	0.42105263157894735	0.10526315789473684	0.21052631578947367	0.05263157894736842
219	"[Football	0.020833333333333332	0.7916666666666666	0.0625	0.10416666666666667	0.020833333333333332
220	"[Football	0.025	0.775	0.05	0.125	0.025
221	"[North	0.022222222222222223	0.8444444444444444	0.08888888888888889	0.022222222222222223	0.022222222222222223
222	"[Jersey	0.025	0.7	0.15	0.1	0.025
223	"[Football	0.024390243902439025	0.8292682926829268	0.024390243902439025	0.0975609756097561	0.024390243902439025
224	[Jersey	0.03225806451612903	0.7096774193548387	0.12903225806451613	0.0967741935483871	0.03225806451612903
225	"[Football	0.023809523809523808	0.8571428571428571	0.047619047619047616	0.047619047619047616	0.023809523809523808
226	"[Football	0.021739130434782608	0.8043478260869565	0.10869565217391304	0.043478260869565216	0.021739130434782608
227	[Football	0.03125	0.78125	0.09375	0.0625	0.03125
228	[North	0.08333333333333333	0.7083333333333334	0.125	0.041666666666666664	0.041666666666666664
229	[Football	0.04	0.64	0.08	0.2	0.04
230	"Football	0.022727272727272728	0.8409090909090909	0.09090909090909091	0.022727272727272728	0.022727272727272728
231	"[Football	0.025	0.7	0.125	0.125	0.025
232	"[Football	0.024390243902439025	0.8292682926829268	0.07317073170731707	0.04878048780487805	0.024390243902439025
233	[Football	0.02702702702702703	0.7567567567567568	0.10810810810810811	0.08108108108108109	0.02702702702702703
234	[Football	0.037037037037037035	0.2222222222222222	0.1111111111111111	0.5925925925925926	0.037037037037037035
235	[Commerce	0.08571428571428572	0.5428571428571428	0.11428571428571428	0.22857142857142856	0.02857142857142857
236	[Waco	0.045454545454545456	0.5	0.13636363636363635	0.2727272727272727	0.045454545454545456
237	"[North	0.02702702702702703	0.40540540540540543	0.1891891891891892	0.35135135135135137	0.02702702702702703
238	[Football	0.038461538461538464	0.7692307692307693	0.11538461538461539	0.038461538461538464	0.038461538461538464
239	[Jersey	0.029411764705882353	0.6470588235294118	0.17647058823529413	0.11764705882352941	0.029411764705882353
240	[Football	0.038461538461538464	0.6923076923076923	0.19230769230769232	0.038461538461538464	0.038461538461538464
241	"[Football	0.024390243902439025	0.8048780487804879	0.0975609756097561	0.04878048780487805	0.024390243902439025
242	[Jersey	0.030303030303030304	0.6666666666666666	0.21212121212121213	0.06060606060606061	0.030303030303030304
243	[1961	0.03125	0.84375	0.03125	0.0625	0.03125
244	[Jersey	0.02564102564102564	0.7948717948717948	0.05128205128205128	0.10256410256410256	0.02564102564102564
245	[Jersey	0.029411764705882353	0.6470588235294118	0.20588235294117646	0.08823529411764706	0.029411764705882353
246	[Football	0.02702702702702703	0.7027027027027027	0.16216216216216217	0.08108108108108109	0.02702702702702703
247	[Homecoming	0.04	0.64	0.08	0.2	0.04
248	[Football	0.034482758620689655	0.7586206896551724	0.10344827586206896	0.06896551724137931	0.034482758620689655
249	"[Football	0.04081632653061224	0.7755102040816326	0.08163265306122448	0.08163265306122448	0.02040816326530612
250	[Jersey	0.027777777777777776	0.8055555555555556	0.08333333333333333	0.05555555555555555	0.027777777777777776
251	"[Football	0.022727272727272728	0.8863636363636364	0.045454545454545456	0.022727272727272728	0.022727272727272728
252	[Commerce	0.17857142857142858	0.7142857142857143	0.03571428571428571	0.03571428571428571	0.03571428571428571
253	[Football	0.038461538461538464	0.8076923076923077	0.07692307692307693	0.038461538461538464	0.038461538461538464
254	"[Jersey	0.04878048780487805	0.7804878048780488	0.0975609756097561	0.04878048780487805	0.024390243902439025
255	"Football	0.024390243902439025	0.8536585365853658	0.07317073170731707	0.024390243902439025	0.024390243902439025
256	"[Football	0.023809523809523808	0.7619047619047619	0.11904761904761904	0.07142857142857142	0.023809523809523808
257	[Homecoming	0.03333333333333333	0.7666666666666667	0.13333333333333333	0.03333333333333333	0.03333333333333333
258	[Number	0.02702702702702703	0.8108108108108109	0.02702702702702703	0.10810810810810811	0.02702702702702703
259	"[Football	0.022222222222222223	0.8222222222222222	0.06666666666666667	0.06666666666666667	0.022222222222222223
260	[1960	0.07692307692307693	0.6923076923076923	0.02564102564102564	0.1794871794871795	0.02564102564102564
261	"[Football	0.023809523809523808	0.8571428571428571	0.07142857142857142	0.023809523809523808	0.023809523809523808
262	[Jersey	0.027777777777777776	0.75	0.1111111111111111	0.08333333333333333	0.027777777777777776
263	[Football	0.03333333333333333	0.23333333333333334	0.3	0.36666666666666664	0.06666666666666667
264	[North	0.045454545454545456	0.7272727272727273	0.09090909090909091	0.09090909090909091	0.045454545454545456
265	[Number	0.029411764705882353	0.5882352941176471	0.23529411764705882	0.11764705882352941	0.029411764705882353
266	"[Football	0.021739130434782608	0.7608695652173914	0.15217391304347827	0.043478260869565216	0.021739130434782608
267	[Football	0.038461538461538464	0.8461538461538461	0.038461538461538464	0.038461538461538464	0.038461538461538464
268	[Number	0.02631578947368421	0.6842105263157895	0.13157894736842105	0.13157894736842105	0.02631578947368421
269	[Football	0.034482758620689655	0.6551724137931034	0.06896551724137931	0.20689655172413793	0.034482758620689655
270	"[Football	0.020833333333333332	0.8125	0.0625	0.08333333333333333	0.020833333333333332
271	[Football	0.05263157894736842	0.7894736842105263	0.05263157894736842	0.05263157894736842	0.05263157894736842
272	[Jersey	0.02702702702702703	0.8108108108108109	0.08108108108108109	0.05405405405405406	0.02702702702702703
273	[Three	0.058823529411764705	0.5294117647058824	0.17647058823529413	0.17647058823529413	0.058823529411764705
274	[Dallas	0.11538461538461539	0.38461538461538464	0.07692307692307693	0.38461538461538464	0.038461538461538464
275	[1961	0.03125	0.75	0.125	0.03125	0.0625
276	[University	0.027777777777777776	0.4722222222222222	0.2222222222222222	0.25	0.027777777777777776
277	"[Football	0.021739130434782608	0.8260869565217391	0.06521739130434782	0.06521739130434782	0.021739130434782608
278	[Jersey	0.02631578947368421	0.6842105263157895	0.07894736842105263	0.15789473684210525	0.05263157894736842
279	[Football	0.03125	0.6875	0.0625	0.1875	0.03125
280	"[North	0.03571428571428571	0.7142857142857143	0.14285714285714285	0.07142857142857142	0.03571428571428571
281	[Number	0.03125	0.6875	0.03125	0.21875	0.03125
282	"[Football	0.025	0.825	0.05	0.075	0.025
283	[Football	0.037037037037037035	0.18518518518518517	0.2222222222222222	0.5185185185185185	0.037037037037037035
284	"[Football	0.023255813953488372	0.813953488372093	0.09302325581395349	0.046511627906976744	0.023255813953488372
285	[Football	0.05	0.7	0.1	0.1	0.05
286	"[Football	0.023255813953488372	0.813953488372093	0.06976744186046512	0.06976744186046512	0.023255813953488372
287	[Football	0.034482758620689655	0.6551724137931034	0.1724137931034483	0.10344827586206896	0.034482758620689655
288	"[Football	0.022222222222222223	0.8222222222222222	0.1111111111111111	0.022222222222222223	0.022222222222222223
289	"[Football	0.046511627906976744	0.8372093023255814	0.06976744186046512	0.023255813953488372	0.023255813953488372
290	"[Football	0.023809523809523808	0.8333333333333334	0.023809523809523808	0.09523809523809523	0.023809523809523808
291	[Football	0.02857142857142857	0.6857142857142857	0.14285714285714285	0.11428571428571428	0.02857142857142857
292	"[North	0.06666666666666667	0.6666666666666666	0.03333333333333333	0.2	0.03333333333333333
293	"[Football	0.027777777777777776	0.8055555555555556	0.1111111111111111	0.027777777777777776	0.027777777777777776
294	"[North	0.04	0.8	0.04	0.08	0.04
295	[1961	0.0625	0.84375	0.03125	0.03125	0.03125
296	[Football	0.08	0.56	0.16	0.16	0.04
297	[Football	0.08	0.72	0.04	0.12	0.04
298	"[North	0.037037037037037035	0.6666666666666666	0.037037037037037035	0.18518518518518517	0.07407407407407407
299	[Homecoming	0.045454545454545456	0.5454545454545454	0.18181818181818182	0.18181818181818182	0.045454545454545456
300	"[Football	0.023255813953488372	0.8372093023255814	0.046511627906976744	0.06976744186046512	0.023255813953488372
301	[Football	0.02702702702702703	0.5135135135135135	0.2972972972972973	0.13513513513513514	0.02702702702702703
302	[Commerce	0.14814814814814814	0.7037037037037037	0.037037037037037035	0.07407407407407407	0.037037037037037035
303	"[Football	0.027777777777777776	0.7222222222222222	0.19444444444444445	0.027777777777777776	0.027777777777777776
304	[Jersey	0.029411764705882353	0.7941176470588235	0.11764705882352941	0.029411764705882353	0.029411764705882353
305	[Football	0.07692307692307693	0.7692307692307693	0.07692307692307693	0.038461538461538464	0.038461538461538464
306	[1960	0.029411764705882353	0.7647058823529411	0.058823529411764705	0.11764705882352941	0.029411764705882353
307	[Football	0.03333333333333333	0.7666666666666667	0.03333333333333333	0.13333333333333333	0.03333333333333333
308	[Austin	0.18181818181818182	0.5454545454545454	0.18181818181818182	0.045454545454545456	0.045454545454545456
309	"[Football	0.024390243902439025	0.8292682926829268	0.0975609756097561	0.024390243902439025	0.024390243902439025
310	"[Football	0.021739130434782608	0.8260869565217391	0.043478260869565216	0.08695652173913043	0.021739130434782608
311	[Homecoming	0.037037037037037035	0.8148148148148148	0.037037037037037035	0.07407407407407407	0.037037037037037035
312	[Football	0.07692307692307693	0.5	0.038461538461538464	0.34615384615384615	0.038461538461538464
313	"[Football	0.021739130434782608	0.8913043478260869	0.043478260869565216	0.021739130434782608	0.021739130434782608
314	[Football	0.10714285714285714	0.7142857142857143	0.07142857142857142	0.07142857142857142	0.03571428571428571
315	[Football	0.037037037037037035	0.7407407407407407	0.14814814814814814	0.037037037037037035	0.037037037037037035
316	[Jersey	0.025	0.675	0.125	0.15	0.025
317	"[Football	0.023255813953488372	0.8837209302325582	0.023255813953488372	0.046511627906976744	0.023255813953488372
318	"[Football	0.023255813953488372	0.7441860465116279	0.09302325581395349	0.11627906976744186	0.023255813953488372
319	"[Football	0.044444444444444446	0.6666666666666666	0.15555555555555556	0.1111111111111111	0.022222222222222223
320	[1962	0.03571428571428571	0.7857142857142857	0.10714285714285714	0.03571428571428571	0.03571428571428571
321	[Football	0.03333333333333333	0.6333333333333333	0.23333333333333334	0.06666666666666667	0.03333333333333333
322	"[Football	0.022727272727272728	0.8636363636363636	0.06818181818181818	0.022727272727272728	0.022727272727272728
323	"[Football	0.020833333333333332	0.8125	0.0625	0.08333333333333333	0.020833333333333332
324	[Men	0.08	0.68	0.04	0.16	0.04
325	[Football	0.03125	0.78125	0.09375	0.0625	0.03125
326	[Football	0.02857142857142857	0.8571428571428571	0.05714285714285714	0.02857142857142857	0.02857142857142857
327	[Football	0.06060606060606061	0.5454545454545454	0.21212121212121213	0.15151515151515152	0.030303030303030304
328	[Football	0.03125	0.6875	0.1875	0.0625	0.03125
329	"Football	0.022727272727272728	0.7727272727272727	0.11363636363636363	0.06818181818181818	0.022727272727272728
330	"[Football	0.02	0.84	0.04	0.08	0.02
331	[Homecoming	0.045454545454545456	0.5454545454545454	0.18181818181818182	0.18181818181818182	0.045454545454545456
332	[David	0.029411764705882353	0.6470588235294118	0.14705882352941177	0.14705882352941177	0.029411764705882353
333	[Football	0.029411764705882353	0.6470588235294118	0.17647058823529413	0.11764705882352941	0.029411764705882353
334	[Football	0.045454545454545456	0.36363636363636365	0.13636363636363635	0.4090909090909091	0.045454545454545456
335	[Football	0.030303030303030304	0.5454545454545454	0.3333333333333333	0.06060606060606061	0.030303030303030304
336	[Jersey	0.03333333333333333	0.8333333333333334	0.06666666666666667	0.03333333333333333	0.03333333333333333
337	[Football	0.03225806451612903	0.8064516129032258	0.06451612903225806	0.06451612903225806	0.03225806451612903
338	[Alumni	0.09433962264150944	0.18867924528301888	0.24528301886792453	0.41509433962264153	0.05660377358490566
339	"[Alumni	0.0975609756097561	0.34146341463414637	0.17073170731707318	0.36585365853658536	0.024390243902439025
340	"[Burkhatter,	0.08571428571428572	0.5142857142857142	0.2	0.17142857142857143	0.02857142857142857
341	[Howard	0.045454545454545456	0.5909090909090909	0.13636363636363635	0.09090909090909091	0.13636363636363635
342	[Howard	0.041666666666666664	0.5	0.16666666666666666	0.16666666666666666	0.125
343	[Reserve	0.20689655172413793	0.3448275862068966	0.10344827586206896	0.3103448275862069	0.034482758620689655
344	[Photograph	0.029411764705882353	0.5588235294117647	0.14705882352941177	0.11764705882352941	0.14705882352941177
345	[Corps.	0.17647058823529413	0.35294117647058826	0.23529411764705882	0.17647058823529413	0.058823529411764705
346	[Bill	0.07407407407407407	0.7037037037037037	0.037037037037037035	0.07407407407407407	0.1111111111111111
347	[Corps.	0.2727272727272727	0.36363636363636365	0.030303030303030304	0.30303030303030304	0.030303030303030304
348	[Benny	0.12	0.64	0.08	0.12	0.04
349	[Football	0.03333333333333333	0.7333333333333333	0.1	0.1	0.03333333333333333
350	[David	0.045454545454545456	0.36363636363636365	0.3181818181818182	0.22727272727272727	0.045454545454545456
351	[Man	0.03571428571428571	0.2857142857142857	0.35714285714285715	0.21428571428571427	0.10714285714285714
352	[Photograph	0.03225806451612903	0.6451612903225806	0.0967741935483871	0.12903225806451613	0.0967741935483871
353	[Photograph	0.41935483870967744	0.3870967741935484	0.12903225806451613	0.03225806451612903	0.03225806451612903
354	[Bill	0.10344827586206896	0.5172413793103449	0.2413793103448276	0.06896551724137931	0.06896551724137931
355	[Photograph	0.5	0.34375	0.0625	0.0625	0.03125
356	[Reserve	0.2	0.2	0.16666666666666666	0.36666666666666664	0.06666666666666667
357	[Portrait	0.029411764705882353	0.7352941176470589	0.058823529411764705	0.029411764705882353	0.14705882352941177
358	[Photograph	0.03333333333333333	0.5666666666666667	0.06666666666666667	0.26666666666666666	0.06666666666666667
359	[Photograph	0.030303030303030304	0.48484848484848486	0.15151515151515152	0.30303030303030304	0.030303030303030304
360	[Photograph	0.03125	0.4375	0.1875	0.3125	0.03125
361	[Photograph	0.06666666666666667	0.36666666666666664	0.23333333333333334	0.3	0.03333333333333333
362	[Photograph	0.03225806451612903	0.5483870967741935	0.16129032258064516	0.22580645161290322	0.03225806451612903
363	[Photograph	0.07692307692307693	0.19230769230769232	0.23076923076923078	0.38461538461538464	0.11538461538461539
364	"[Coaches'	0.46153846153846156	0.11538461538461539	0.36538461538461536	0.019230769230769232	0.038461538461538464
365	"[Coaches'	0.6	0.09090909090909091	0.2545454545454545	0.03636363636363636	0.01818181818181818
366	"[Coaches'	0.5714285714285714	0.16326530612244897	0.22448979591836735	0.02040816326530612	0.02040816326530612
367	"[Coaches'	0.4375	0.25	0.2708333333333333	0.020833333333333332	0.020833333333333332
368	"[Coaches'	0.4791666666666667	0.2708333333333333	0.20833333333333334	0.020833333333333332	0.020833333333333332
369	"[Coaches'	0.36	0.24	0.32	0.06	0.02
370	"[Coaches'	0.4583333333333333	0.2916666666666667	0.16666666666666666	0.0625	0.020833333333333332
371	"[Coaches'	0.4807692307692308	0.11538461538461539	0.28846153846153844	0.09615384615384616	0.019230769230769232
372	"[Coaches'	0.42	0.34	0.2	0.02	0.02
373	"[Coaches'	0.48936170212765956	0.2978723404255319	0.1702127659574468	0.02127659574468085	0.02127659574468085
374	"[Coaches'	0.5531914893617021	0.23404255319148937	0.1702127659574468	0.02127659574468085	0.02127659574468085
375	"[Coaches'	0.44	0.32	0.18	0.04	0.02
376	"[Coaches'	0.375	0.1875	0.3958333333333333	0.020833333333333332	0.020833333333333332
377	"[Coaches'	0.3877551020408163	0.32653061224489793	0.22448979591836735	0.02040816326530612	0.04081632653061224
378	"[Coaches'	0.425531914893617	0.10638297872340426	0.425531914893617	0.02127659574468085	0.02127659574468085
379	"[Coaches'	0.42	0.42	0.12	0.02	0.02
380	"[Coaches'	0.5	0.2391304347826087	0.1956521739130435	0.043478260869565216	0.021739130434782608
381	"[Coaches'	0.48	0.16	0.32	0.02	0.02
382	"[Coaches'	0.44680851063829785	0.2553191489361702	0.2553191489361702	0.02127659574468085	0.02127659574468085
383	"[Coaches'	0.38461538461538464	0.4230769230769231	0.15384615384615385	0.019230769230769232	0.019230769230769232
384	"[Coaches'	0.39285714285714285	0.17857142857142858	0.39285714285714285	0.017857142857142856	0.017857142857142856
385	"[Coaches'	0.42857142857142855	0.08163265306122448	0.42857142857142855	0.04081632653061224	0.02040816326530612
386	"[Coaches'	0.4	0.4	0.16	0.02	0.02
387	"[Coaches'	0.4375	0.16666666666666666	0.3125	0.0625	0.020833333333333332
388	"[Coaches'	0.4897959183673469	0.14285714285714285	0.32653061224489793	0.02040816326530612	0.02040816326530612
389	"[Coaches'	0.44	0.14	0.38	0.02	0.02
390	"[Coaches'	0.48	0.22	0.26	0.02	0.02
391	"[Coaches'	0.4583333333333333	0.16666666666666666	0.2916666666666667	0.0625	0.020833333333333332
392	"[Coaches'	0.5294117647058824	0.19607843137254902	0.21568627450980393	0.0392156862745098	0.0196078431372549
393	"[Coaches'	0.4864864864864865	0.16216216216216217	0.24324324324324326	0.08108108108108109	0.02702702702702703
394	"[Coaches'	0.4166666666666667	0.3333333333333333	0.20833333333333334	0.020833333333333332	0.020833333333333332
395	"[Coaches'	0.42857142857142855	0.14285714285714285	0.3877551020408163	0.02040816326530612	0.02040816326530612
